function C2 = Output_InnerProduct_rotor(in1,in2)
%OUTPUT_INNERPRODUCT_MOTOR
%    C2 = OUTPUT_INNERPRODUCT_MOTOR(IN1,IN2)

%    This function was generated by the Symbolic Math Toolbox version 7.1.
%    19-Dec-2017 16:00:34

vv11 = in1(1,:);
vv12 = in1(2,:);
vv13 = in1(3,:);
vv14 = in1(4,:);
vv15 = in1(5,:);
vv16 = in1(6,:);
vv17 = in1(7,:);
vv18 = in1(8,:);
vv19 = in1(9,:);
vv21 = in2(1,:);
vv22 = in2(2,:);
vv23 = in2(3,:);
vv24 = in2(4,:);
vv25 = in2(5,:);
vv26 = in2(6,:);
vv27 = in2(7,:);
vv28 = in2(8,:);
vv29 = in2(9,:);
vv110 = in1(10,:);
vv111 = in1(11,:);
vv112 = in1(12,:);
vv210 = in2(10,:);
vv211 = in2(11,:);
vv212 = in2(12,:);
C2 = [vv14.*vv24+vv15.*vv25+vv16.*vv26,-vv12.*vv26+vv13.*vv25+vv15.*vv23-vv16.*vv22,vv11.*vv26-vv13.*vv24-vv14.*vv23+vv16.*vv21,-vv11.*vv25+vv12.*vv24+vv14.*vv22-vv15.*vv21,vv11.*vv21,vv12.*vv22,vv13.*vv23,vv12.*vv23+vv13.*vv22,vv11.*vv23+vv13.*vv21,vv11.*vv22+vv12.*vv21,vv110.*vv210+vv111.*vv211+vv112.*vv212,-vv28.*vv112+vv29.*vv111-vv18.*vv212+vv19.*vv211,vv27.*vv112-vv29.*vv110+vv17.*vv212-vv19.*vv210,-vv27.*vv111+vv28.*vv110-vv17.*vv211+vv18.*vv210,vv17.*vv27,vv18.*vv28,vv19.*vv29,vv18.*vv29+vv19.*vv28,vv17.*vv29+vv19.*vv27,vv17.*vv28+vv18.*vv27];
